31474401 14, 6.

4110101 4711410 13, 0.

41οχ0110106μ1101 403, 00.

4401100040 400, 3.

4001090001 40141101 146, 9

4070017010061 400, 4.

8010111901 141, 15.

1144074θῆ101 71104110 111, 0. 103,

· 10. 109, 9. 161, 11. 191, 7.

1540707161 305,17.

1601300051011430, 18.

εῠσκιόφυλλος 75, 10.

16016440101400, 00.

4107046110 403, 03.

4070011061 401, 01.

ἡμέρα 14471409 50, 7. 356, 10.

4411κύ1111 090, 0.

5444543444·

, .

6010111161 408, 13. 410, 7. 403,3.

3014 13, 0. 109, 15. 101, 8. 013,
4440611·

841440μο1 1416000018113 τὸ 014-
601 ,1.

613101 gul μὴ 64401151, ιο. 75,
11. 306,οι. 406, ι4. 644011 1103
μὴ βουλόμενος 64, 00. 611011
0113114 βουλόμενος 70, 5.

61066400101400, 3. 9. 401, 3.

00, 10. ·

8151117001101400, 4. 400, ι7.

94430 91,9. 107, 5.

4141040710 1οῦ ἀρρο403101030, 8.
1141 1114010101 404, 03.

4140111114 00, 0.

&mulotes 398, 0.

311010φὺ304 100, 0.

40014050.

1104100101 100, 0. 146,13.

4445345443·

0010444110 416, 15.

11οΜ3011061 61411110 90, 5.

0ομ11011011151 401, 01.

0015111 111101 57101Δ1141410101
140, 4.

11101001 411, 13.

0011101101 054, 00. 055, 4. 001117-
uim 197, 5.

00141101061400, 3.

11041100 417, 1. 0.

1110111441 146, 13.
0001000110411 400, 0.

ΙΝΒΕΧ

011104111ιῶ1 5610. 000, ι.

111110ροῦχο 146, 13.

0010011χά(4)6101 041, 11.

0011040010 104, 15. 401, 7.

0011070011040 400, 0.

umor 106, 7.

0134115141 110, 3. 10418 ιο5,5.
106, 7. 8. 11.

0190101113111109, 10.

0190441001 115,15. 135, 00391.

ι7.

· memmium 41, ι.

00001οχ00001 183, 17.

0071400101 400, 10. 15· 400, 14.
¹9· 403, 6. 17.

000111011061 400, 3.

000404000185, 16.

00041140043600 146, 14.

14041111 101, 00.

1000060010 305, 19.

4410001084, 01.

31114401 405, ι7. 409, 10.

3116000001 401, 18.

1107114140 400, 3. 404, 3. 6.

11000043034410601 04417.

Ἥῖἴὶρὲῗῗὲθείῗὲἔὲἶῖ 4ῖὲ

, .
0051395354, 10. 96, 10. 108, 3.

06 , . ι
4110107031 1310μᾶ9710011 019, 10.
0144000940 003, 19.
(1106011073, 14.
411011κό1 418, 00.
μεσάζων 000, 00. 030, 17.
71100011κό1 6400411101 004, 14.
1110111061 401, 01.
71110740114411171, ιι.
0004101001 400, 4.
0111011061 400, 4.
Μουσταφόπουλος 117, 6. 16.

ml 14101 039, 11. 053, a
WWQNJ 96, 10. 073, 00.
101111 111
5446111601 050, 0.

mma 401, 13.

614114 411. ¹·

ἔξ 60θοῦ 106, 19. 03.

6410ομ011οἀ 1104101 383133· 56· ’

0011011051 147017111810. 3956
1101604107441101 93, 5.

 

01311 εἰς paitcos 73, 1. 040, 13.

