INDEX GRAMMATICUS.

*Μ

Ad 1311101100.

’.1179011131 411, 19 11.

138113011ὼο1 401, 9. 403, 5.

'Ama 91, 9 106, 4. 159, 9.

31009104 38, 14. 91, 9.

1310490410 44οι36110 9001070710
¹ 2 01 ' 0

03κό711 411,11.

ἀκροπολίσαηες 101, 1.

1334600101 691303μὸ1 9, 3.

6300ος 138, 9.

11λῶ001 150,11. 59, 11.

1371491000 114, 1. 115, 4. 11611.

386, 11. 449, 9.
ἀναβολ’ 114, 8. 114, 16.

161116χῇ00403, 19

061τᾶμο 19, 3. 9.

1311134γὲ060ήί. q. 7113710801 36,
11. 1 0, 1 .

8111100301401, 3.

61101130κεί1 1οὔ 3111100 138, 17.

1300015001 107,19. 146, 5. 197,17.
117, 8. 11900πέ0001 181, 17.
130000θῆ101 11145. 1598187,
4. 196,13. 197, ue. 113,11.
115,10.

ξργυρόρουλλον 159, 8.

00110117 60190114 81, 1 .

ἆρχόνιισσα 141,11. 144, 10. 14.

61410, 11. 13. 14. 11. 411,ι 4.7.
ἓ. 13. 16. 17. 10. 411, 1. 3. 6.

. . 10.

131 0061116000311416, 13. 417, 15.
411,18. ol 01381016000301416,
11. ἧ αὐθενιοπυύλα 413, 11.

061051λῶ1 114, 17. 395, 11.

0111019011ος 106, 19 107, 4.

(ἶφιίρωσις 148, 7.

βαρέως λίθοις 181, 3.

4000000610 110, 3.

:J 00013140 001 301771191οθ41 198,
15. 199, 1. 3114310001 113, 1.

00001000111117, 18. 611047-
0ος 11611.

ῥιγλιατικόν 401, 13.
(5001101610ςὸ9, 11.
βραχημερία 114, 3.
4306101 151, 4
71107μο11κᾶ εἴδη 401, 11.
mdc 413, 7.
7110917140 160, 10.
γομαρι 410, 11.
γομαριατικόν 401,11.
7010144110 411, 3. 6.
7010110161411, 10.
γραμματοκομιστὴς 113, 11. 175,
11.

, 7010066101390, 10.

δαιμονὴιης 195, 17.

6110111101 305, 5. 305, 14.11.
610110101011154, 19.
δεφένδευσις 401, 5. 401, 14. 403,

19. ,

διὰ 13 7131317. 31611 101, 18. 10.
108, 9. 14619 167, 5. 31613.
390, 4. 15.

1310χέ110811 411, 19.

damnvm 306, 9.

6111197110τᾶ δημόσια 403, 9.

6011310140 413, 16.

ἐγνῑμίζειν 243, ¹4·

3611167 411, 1. 413, 1. 16.

6601 417, 11.14. 418,11. 41914.
15. 411, 10.

3109190710μο 110, 7.

3111117305, 17.

tlepolemi 141,9. · ι

lupulae 136, 16. 11 deludo pum

6180310101136, 16 .

 

